237930812
3147939328
122649678
943887990
375000961
55757091
392571544
240118457
1947939823
2747546239
1452401468
1363247269
835515958
674145296
1873681731
3094852010
767967416
511051207
526475978
1392294023
494249354
104353453
601471731
2234734842
1003205692
564388334
209384256
2647846737
2329221446
1193045652
921348194
2497052574
376116705
3259825686
318298373
3423418145
1443809762
1847647884
1214680768
952277284
1990501272
1529711358
729209115
13592692146
195279762
547785825
380848079
790408024
657171603
3451316149
1449453329
271824918
2978126116
605596220
120373364
506037814
969602161
985210616
542013314
4392890
105312909
475196890
747202871
724066616
429771326
519994386
948072186
853256226
1030948997
774538852
1099102291
760529390
895075284
2717136063
925941584
42080715
574899491
499554001
770396612
502600988
1486913071
1695506311
1876260738
3207614494
1026148414
280032149
824002755
1328825335
704874212
1129336287
314165695
2272564016
444950986
823074182
838540837
1436041352
1036540819
444364437
2658173313
613739650
344887025
814668520
209697952
1075084011
923708839
942394311
984087572
905011022
191409667
489528714
961109450
137691257
315533577
1023446985
973836205
1817223373
113088860
379825947
454301387
476230079
3336038482
1229217688
643146196
1693810937
1416041873
510373183
1119329137
13283717103
346299116
771915502
359194817
33342954
19808754
814742169
654793241
839447357
273189728
13623711321
623712294
578294472
280527287
1193393001
492644909
386226797
810500489
1121333866
1020605480
1169801335
2780618178
360916704
785203648
513134771
997785531
1045433427
985356033
729520890
2601800894
1103682037
332116177
84017989
1198262302
479213458
380792872
494052445
674747880
758808948
431048789
963112132
948612309
674870510
1104856746
1220848582
382870089
798905666
290316860
785166145
591815759
917125250
1056432509
514661792
707260338
66616212
100037687
1021625272
269754500
453254981
421970087
835435943
2974969217
1195965547
2835441149
281341261
732410394
465926979
781003514
1076277442
475847561
969728969
1332772653
52147174
454612652
845029473
25743512
799366065
270235519
535751486
1067646099
357290801
244399093
312860966
503065203
1035052262
332557349
352102289
458639698
1796887997
1216064490
1332095774
273156436
1974439679
27028272
983282429
26686823
467147672
2217584818
2366296115
1084643595
357521160
1003771792
214529652
1822171878
357288135
2671412539
663609361
476198405
1182162818
2388471292
2366316590
3153714750
1404412675
369668875
287453582
453685807
836669248
875319230
1223363395
1538015284
1057899335
2474737397
1137094504
498640510
457774041
624057872
897191274
1097376725
460061995
992175223
2385919398
2350144626
1067215984
349659249
771634313
249823034
1009901318
750186234
1921956581
2719228113
651172553
938624199
2655380492
490472663
1337253781
779216397
255586
718447219
3202923258
2710634126
909075684
1537290548
1211359274
411048863
1401582574
2787268715
2216255281
755123369
1553086952
1535987447
2725271877
305062141
2651322113
1562827543
2447178635
382364453
1719445717
357577404
406176743
260719232
1150938573
215593176
2418937378
846536014
764949836
344857611
392640854
2067807190
1583635075
695793416
724392440
1458222340
929249645
672458630
1669321765
2208108830
825131460
80342362
1138692880
735156168
1528830520
893554919
3306064993
2953939653
3234805403
757902005
310685563
549617768
269944389
1114608599
1194209753
862771017
1040747510
1329971590
2056098691
2773529470
2193702506
291651601
904235684
569423145
676554965
1767792133
838700566
997136138
1015923924
957516255
732724761
949605207
401698478
1398680809
2724885295
2087727929
2137374875
3112550030
1028226863
911123824
634145774
594558512
1654563116
657299388
2946146522
724453889
1372719760
623839214
1036519377
1963836484
2109556169
1438442883
1012216211
3082682354
1043822083
2363493247
335910791
3433725017
446731997
376863580
1774956274
6731965
2535369617
805836701
3048512673
754346213
410761343
892899359
1033497845
2483068371
2598173634
84232493
783926873
249292622
807852427
1105957828
258684291
671419223
839055752
631251470
3338445704
916904767
762163294
1916638371
2772326415
743736015
1450738859
408864824
845890379
1028966313
990931920
976993736
1406722068
932283701
657597169
1373856222
979980506
446926133
1535980971
2366659017
503228476
1084837961
317758994
3370991657
2389991765
780203819
2148842513
3047262115
941439938
2089567273
1789853416
597107543
605168781
3239545528
1608307828
1571155266
115418755
2503874356
1658633232
401038717
2934736102
53862459
2112453899
706896962
1294661253
86755492
282529335
1179282980
1350270136
893947979
742922145
1938146908
297211506
1207163591
702182347
1844406562
2515014099
1138946166
591720805
2659494391
543321214
1131802843
571601539
153610610
534009101
1030641220
1952518265
1281505257
2621636537
2028517847
779728969
330741899
778058537
306808834
2429656991
820147397
625345957
417183844
362929468
2993529202
451890818
1006154103
478680860
2756271989
782355634
201727070
1393174836
452264121
1468523950
3074167384
1443252716
1107669421
524726400
382006684
939288702
45542919
403711959
171819892
294527586
651182627
47989278
1794303168
1805187677
3455654698
529186406
121986996
799729480
2665244824
284281118
774150572
568637562
619117971
2722898864
51192995
583669426
2454487516
1073542608
1292130456
138015121
313326197
878174023
224667706
44142237
615950028
344346507
2961115344
1109292544
2734519221
52078649
1256333832
974649834
1589038000
1541352601
1229840810
1030628632
1136301156
553966639
1244987905
2524204178
626329536
2160227841
245843662
1179101053
3482252103
784478773
2969351383
1098890335
2397496539
791339105
122719799
591610826
453085898
2837334256
774917513
89997308
149138029
709130299
5884562
31483042
372312142
819652016
1691321763
419550616
1067180111
313448773
455283218
1191411955
694873612
2292898463
1191417171
820798090
2237036419
997444238
736046879
3163578072
283922300
875949475
862333630
408315469
275252703
137338867
511299589
824812097
171056629
1006225421
3300790286
370803320
987863358
965987883
1185039514
3320014924
734913966
320035344
476082569
79658301
364214329
2639746598
249656597
1579483250
769522013
819989045
313808254
3135486162
2512752017
1581213124
2509927666
1300331582
1308274100
32349431
344162973
1225831502
285875788
605381478
2717849567
1374633094
2929517376
804777037
22939333
407191174
970017697
798994344
100222006
576353773
2827387170
1650125593
930126015
2449982509
594817254
2805456730
940982207
1328033128
80654365
286182035
3519580689
3055185007
257403856
1391860967
1220597592
371290028
734353438
1796503906
1148095177
246087409
1919593238
1366050113
124699934
447974299
2944431327
1403626254
476991815
619898108
41096703
1743510520
1971364889
903603599
1503411329
562715818
963417168
254591274
1229123809
1359194019
258310471
1124885585
1608483097
2878937929
2413398808
1415677963
3392252362
1343508627
542960440
729472316
3367636757
1061293181
1257507937
380287780
155156
805236663
1093529154
815939294
1064097871
498755487
410314337
413332067
642669057
843826916
1468593234
2943019182
1642948148
754553988
940196796
992765913
2679183255
348298399
3459344864
2071808976
1318598875
648468773
247687251
2197996035
281855955
1587930603
203124136
510882254
784090870
2463418838
823027135
358537578
1459272117
2784671861
783601622
2958172326
740567717
6702357
1210404707
505673617
369226699
3161335347
512845062
1056779803
1114654011
453373264
214868193
1210988519
3082808861
252142630
1074816235
5861193
191048435
2306818854
599313735
879955137
1269532055
2534321436
971771904
411139984
969131969
351267321
2993232750
2330624115
1626058629
3380998368
312675049
1194280401
294934148
843207902
362701697
87889735
1871032853
149807479
1406244914
1402695515
904945705
563844387
281534714
625394199
752941896
397957159
739490188
370187791
946243374
669346866
1055118304
112761030
229240400
45535358
296507432
2231904265
3544229519
2105244769
420233979
2967937503
1021631740
694432779
1364411087
2177451167
764436787
1518201758
410705143
804963246
2979078181
125557105
291263217
1194991289
326733068
1125091520
287928781
21104740
1710958731
291542353
1143086784
1444942605
505643889
741082483
1986925491
1285249717
2831838289
763248439
274885356
1378083362
960909225
2667254640
496785212
331760658
1831678263
631788264
3538460071
392726963
1053936584
411639705
549466982
641114019
421010439
1026293210
83874203
228868055
190106909
1042671335
2215132146
740343809
3563596476
1119771733
2125523793
476467675
1553015661
1390817456
396605630
2451107468
504654168
1039508741
150688215
756355624
273000758
943889946
157228174
752344391
1124166363
491294892
2483314422
2135585182
87729953
971272979
912873553
529665956
592090440
1623403769
1003683373
438396070
879318373
3169990598
1475702682
352053133
306679585
21571618
867555016
471427149
496689741
3286195026
1553842015
995399224
1083956752
462182895
1911382104
2431826781
2745123959
1251606320
2216124031
478109449
376605550
771403075
565253328
420925708
932500133
1006932349
2448522014
2025382631
29363681
873973170
1330209817
1310703648
3090467936
874082246
1477450841
351380856
1639217644
1912592936
343968832
991154858
2591707131
1754507548
3178519793
1497870443
911626636
1109415188
280898267
2216349886
3406515750
1162404175
100853723
3437572736
