0003 0039 0000431d
0001 014a 00000001
0001 0145 00000001
0003 0035 00000185
0003 0036 0000042b
0003 0030 00000004
0003 0031 00000003
0000 0000 00000000
0003 0030 00000005
0000 0000 00000000
0003 0030 00000004
0000 0000 00000000
0003 0030 00000005
0000 0000 00000000
0003 0031 00000004
0000 0000 00000000
0003 0031 00000003
0000 0000 00000000
0003 0031 00000004
0000 0000 00000000
0003 0039 ffffffff
0001 014a 00000000
0001 0145 00000000
0000 0000 00000000
0003 0039 0000431e
0001 014a 00000001
0001 0145 00000001
0003 0035 0000038d
0003 0036 000001cd
0003 0030 00000003
0003 0031 00000003
0000 0000 00000000
0003 0030 00000004
0000 0000 00000000
0003 0031 00000004
0000 0000 00000000
0003 0031 00000003
0000 0000 00000000
0003 0031 00000004
0000 0000 00000000
0003 0031 00000003
0000 0000 00000000
0003 0039 ffffffff
0001 014a 00000000
0001 0145 00000000
0000 0000 00000000
0003 0039 0000431f
0001 014a 00000001
0001 0145 00000001
0003 0035 00000067
0003 0036 00000732
0000 0000 00000000
0003 0031 00000004
0000 0000 00000000
0003 0039 ffffffff
0001 014a 00000000
0001 0145 00000000
0000 0000 00000000
0003 0039 00004320
0001 014a 00000001
0001 0145 00000001
0003 0035 0000013e
0003 0036 0000054a
0003 0031 00000003
0000 0000 00000000
0003 0031 00000004
0000 0000 00000000
0003 0039 ffffffff
0001 014a 00000000
0001 0145 00000000
0000 0000 00000000
0003 0039 00004321
0001 014a 00000001
0001 0145 00000001
0003 0035 0000015c
0003 0036 0000013e
0003 0031 00000003
0000 0000 00000000
0003 0031 00000004
0000 0000 00000000
0003 0031 00000003
0000 0000 00000000
0003 0039 ffffffff
0001 014a 00000000
0001 0145 00000000
0000 0000 00000000
0003 0039 00004322
0001 014a 00000001
0001 0145 00000001
0003 0035 0000012a
0003 0036 00000558
0003 0030 00000005
0000 0000 00000000
0003 0030 00000006
0000 0000 00000000
0003 0039 ffffffff
0001 014a 00000000
0001 0145 00000000
0000 0000 00000000
0003 0039 00004323
0001 014a 00000001
0001 0145 00000001
0003 0035 0000011f
0003 0036 000002b1
0003 0030 00000005
0000 0000 00000000
0003 0031 00000004
0000 0000 00000000
0003 0039 ffffffff
0001 014a 00000000
0001 0145 00000000
0000 0000 00000000
0003 0039 00004324
0001 014a 00000001
0001 0145 00000001
0003 0035 000002de
0003 0036 00000530
0003 0030 00000003
0003 0031 00000003
0000 0000 00000000
0003 0031 00000002
0000 0000 00000000
0003 0031 00000003
0000 0000 00000000
0003 0030 00000004
0000 0000 00000000
0003 0030 00000003
0000 0000 00000000
0003 0030 00000004
0000 0000 00000000
0003 0030 00000003
0000 0000 00000000
0003 0039 ffffffff
0001 014a 00000000
0001 0145 00000000
0000 0000 00000000
0003 0039 00004325
0001 014a 00000001
0001 0145 00000001
0003 0035 00000181
0003 0036 00000536
0003 0031 00000002
0000 0000 00000000
0003 0031 00000003
0000 0000 00000000
0003 0039 ffffffff
0001 014a 00000000
0001 0145 00000000
0000 0000 00000000
