0003 0039 00002726
0001 014a 00000001
0001 0145 00000001
0003 0035 000002d0
0003 0036 000004b3
0003 0030 00000003
0003 0031 00000003
0000 0000 00000000
0003 0030 00000004
0000 0000 00000000
0003 0035 000002c0
0003 0036 000004b2
0003 0030 00000003
0000 0000 00000000
0003 0035 000002af
0003 0036 000004b1
0000 0000 00000000
0003 0035 0000029b
0003 0030 00000005
0000 0000 00000000
0003 0035 00000285
0003 0030 00000004
0000 0000 00000000
0003 0035 0000026f
0003 0036 000004b2
0003 0030 00000003
0000 0000 00000000
0003 0035 00000258
0003 0036 000004b4
0003 0030 00000004
0000 0000 00000000
0003 0035 0000023f
0003 0036 000004b7
0003 0030 00000005
0000 0000 00000000
0003 0035 00000226
0003 0036 000004ba
0003 0030 00000004
0000 0000 00000000
0003 0035 0000020b
0003 0036 000004bf
0003 0030 00000005
0003 0031 00000005
0000 0000 00000000
0003 0035 000001ed
0003 0036 000004c5
0003 0031 00000003
0000 0000 00000000
0003 0035 000001cd
0003 0036 000004cd
0003 0031 00000005
0000 0000 00000000
0003 0039 ffffffff
0001 014a 00000000
0001 0145 00000000
0000 0000 00000000
0003 0039 00002727
0001 014a 00000001
0001 0145 00000001
0003 0035 000002d2
0003 0036 000004a8
0003 0030 00000003
0003 0031 00000002
0000 0000 00000000
0003 0031 00000003
0000 0000 00000000
0003 0030 00000004
0000 0000 00000000
0003 0035 000002c3
0003 0036 000004a4
0003 0031 00000004
0000 0000 00000000
0003 0035 000002b4
0003 0036 000004a1
0003 0031 00000003
0000 0000 00000000
0003 0035 000002a4
0003 0036 0000049e
0000 0000 00000000
0003 0035 00000294
0003 0036 0000049b
0003 0030 00000005
0003 0031 00000004
0000 0000 00000000
0003 0035 00000284
0003 0036 00000499
0003 0031 00000005
0000 0000 00000000
0003 0035 00000274
0003 0036 00000497
0003 0031 00000003
0000 0000 00000000
0003 0035 00000262
0003 0036 00000495
0000 0000 00000000
0003 0035 0000024d
0003 0036 00000494
0003 0031 00000005
0000 0000 00000000
0003 0035 00000234
0003 0030 00000004
0003 0031 00000003
0000 0000 00000000
0003 0035 00000218
0003 0036 00000497
0000 0000 00000000
0003 0035 000001f9
0003 0036 0000049d
0000 0000 00000000
0003 0035 000001d7
0003 0036 000004a6
0003 0030 00000003
0000 0000 00000000
0003 0035 000001b3
0003 0036 000004b1
0003 0030 00000005
0003 0031 00000005
0000 0000 00000000
0003 0039 ffffffff
0001 014a 00000000
0001 0145 00000000
0000 0000 00000000
0003 0039 00002728
0001 014a 00000001
0001 0145 00000001
0003 0035 000001a8
0003 0036 000004fd
0003 0030 00000003
0003 0031 00000002
0000 0000 00000000
0003 0030 00000002
0000 0000 00000000
0003 0030 00000003
0000 0000 00000000
0003 0031 00000003
0000 0000 00000000
0003 0030 00000004
0000 0000 00000000
0003 0035 000001b9
0003 0036 000004fa
0003 0030 00000003
0000 0000 00000000
0003 0035 000001ca
0003 0036 000004f8
0003 0031 00000002
0000 0000 00000000
0003 0035 000001dd
0003 0036 000004f5
0003 0031 00000003
0000 0000 00000000
0003 0035 000001f3
0003 0036 000004f3
0003 0030 00000004
0000 0000 00000000
0003 0035 0000020c
0003 0036 000004f0
0003 0030 00000003
0003 0031 00000002
0000 0000 00000000
0003 0035 00000228
0003 0036 000004ed
0003 0030 00000005
0003 0031 00000003
0000 0000 00000000
0003 0035 00000246
0003 0036 000004eb
0003 0030 00000003
0000 0000 00000000
0003 0035 00000266
0003 0036 000004e9
0003 0030 00000004
0000 0000 00000000
0003 0035 00000288
0003 0036 000004e7
0003 0030 00000003
0000 0000 00000000
0003 0035 000002ae
0003 0036 000004e5
0003 0030 00000005
0003 0031 00000004
0000 0000 00000000
0003 0035 000002db
0003 0036 000004e2
0003 0030 00000004
0003 0031 00000003
0000 0000 00000000
0003 0039 ffffffff
0001 014a 00000000
0001 0145 00000000
0000 0000 00000000
0003 0039 00002729
0001 014a 00000001
0001 0145 00000001
0003 0035 000000da
0003 0036 0000068a
0000 0000 00000000
0003 0030 00000005
0003 0031 00000004
0000 0000 00000000
0003 0035 000000ea
0003 0036 00000687
0003 0031 00000003
0000 0000 00000000
0003 0035 00000105
0003 0036 00000684
0003 0030 00000006
0003 0031 00000005
0000 0000 00000000
0003 0035 00000129
0003 0036 00000680
0003 0030 00000005
0003 0031 00000003
0000 0000 00000000
0003 0035 00000150
0003 0036 0000067d
0003 0031 00000005
0000 0000 00000000
0003 0035 00000177
0003 0036 0000067a
0003 0031 00000003
0000 0000 00000000
0003 0035 0000019f
0003 0036 00000678
0003 0031 00000005
0000 0000 00000000
0003 0035 000001c7
0003 0036 00000677
0003 0031 00000003
0000 0000 00000000
0003 0035 000001f0
0003 0031 00000005
0000 0000 00000000
0003 0035 0000021c
0003 0031 00000004
0000 0000 00000000
0003 0035 0000024a
0003 0036 00000678
0003 0031 00000003
0000 0000 00000000
0003 0035 00000279
0003 0036 00000679
0003 0030 00000006
0003 0031 00000004
0000 0000 00000000
0003 0035 000002a7
0003 0036 0000067b
0003 0030 00000004
0000 0000 00000000
0003 0035 000002d2
0003 0036 0000067e
0003 0030 00000005
0000 0000 00000000
0003 0035 000002fe
0003 0036 00000681
0003 0031 00000003
0000 0000 00000000
0003 0035 00000327
0003 0036 00000685
0003 0030 00000003
0000 0000 00000000
0003 0035 00000350
0003 0036 00000689
0003 0030 00000006
0000 0000 00000000
0003 0035 00000376
0003 0036 0000068c
0003 0030 00000004
0003 0031 00000004
0000 0000 00000000
0003 0035 0000039b
0003 0036 00000690
0003 0030 00000007
0000 0000 00000000
0003 0039 ffffffff
0001 014a 00000000
0001 0145 00000000
0000 0000 00000000
0003 0039 0000272a
0001 014a 00000001
0001 0145 00000001
0003 0035 0000021a
0003 0036 000005ae
0003 0030 00000005
0003 0031 00000005
0000 0000 00000000
0003 0031 00000003
0000 0000 00000000
0003 0036 0000059e
0003 0031 00000004
0000 0000 00000000
0003 0036 0000058c
0003 0031 00000005
0000 0000 00000000
0003 0035 00000219
0003 0036 0000057b
0003 0031 00000004
0000 0000 00000000
0003 0035 00000218
0003 0036 0000056a
0003 0031 00000003
0000 0000 00000000
0003 0035 00000217
0003 0036 00000559
0000 0000 00000000
0003 0035 00000215
0003 0036 00000546
0003 0031 00000005
0000 0000 00000000
0003 0035 00000212
0003 0036 00000533
0003 0030 00000004
0003 0031 00000004
0000 0000 00000000
0003 0035 00000210
0003 0036 0000051d
0003 0031 00000003
0000 0000 00000000
0003 0035 0000020d
0003 0036 00000505
0003 0030 00000005
0003 0031 00000004
0000 0000 00000000
0003 0035 00000209
0003 0036 000004eb
0003 0030 00000003
0003 0031 00000003
0000 0000 00000000
0003 0035 00000205
0003 0036 000004ce
0003 0030 00000004
0000 0000 00000000
0003 0035 00000201
0003 0036 000004af
0000 0000 00000000
0003 0035 000001fd
0003 0036 0000048e
0003 0030 00000003
0000 0000 00000000
0003 0035 000001f9
0003 0036 0000046d
0003 0030 00000004
0000 0000 00000000
0003 0035 000001f6
0003 0036 0000044c
0003 0030 00000003
0000 0000 00000000
0003 0035 000001f3
0003 0036 0000042c
0003 0030 00000005
0000 0000 00000000
0003 0035 000001f2
0003 0036 0000040d
0003 0030 00000003
0000 0000 00000000
0003 0035 000001f1
0003 0036 000003ef
0003 0030 00000005
0000 0000 00000000
0003 0036 000003d1
0003 0030 00000003
0000 0000 00000000
0003 0035 000001f3
0003 0036 000003b4
0000 0000 00000000
0003 0035 000001f6
0003 0036 00000397
0003 0030 00000005
0003 0031 00000004
0000 0000 00000000
0003 0035 000001f9
0003 0036 0000037d
0003 0030 00000004
0003 0031 00000003
0000 0000 00000000
0003 0035 000001fd
0003 0036 00000367
0003 0031 00000004
0000 0000 00000000
0003 0035 00000200
0003 0036 00000354
0003 0030 00000005
0000 0000 00000000
0003 0035 00000203
0003 0036 00000344
0000 0000 00000000
0003 0035 00000204
0003 0036 0000033d
0003 0030 00000006
0003 0031 00000005
0000 0000 00000000
0003 0039 ffffffff
0001 014a 00000000
0001 0145 00000000
0000 0000 00000000
0003 0039 0000272b
0001 014a 00000001
0001 0145 00000001
0003 0035 00000248
0003 0036 00000657
0003 0030 00000003
0003 0031 00000003
0000 0000 00000000
0003 0039 ffffffff
0001 014a 00000000
0001 0145 00000000
0000 0000 00000000
0003 0039 0000272c
0001 014a 00000001
0001 0145 00000001
0003 0035 00000256
0003 0036 000004e1
0003 0030 00000005
0003 0031 00000004
0000 0000 00000000
0003 0031 00000005
0000 0000 00000000
0003 0039 ffffffff
0001 014a 00000000
0001 0145 00000000
0000 0000 00000000
0003 0039 0000272d
0001 014a 00000001
0001 0145 00000001
0003 0035 00000100
0003 0036 000003f5
0003 0031 00000004
0000 0000 00000000
0003 0039 ffffffff
0001 014a 00000000
0001 0145 00000000
0000 0000 00000000
0003 0039 0000272e
0001 014a 00000001
0001 0145 00000001
0003 0035 000003a5
0003 0036 00000585
0003 0030 00000003
0003 0031 00000003
0000 0000 00000000
0003 0030 00000004
0000 0000 00000000
0003 0039 ffffffff
0001 014a 00000000
0001 0145 00000000
0000 0000 00000000
0003 0039 0000272f
0001 014a 00000001
0001 0145 00000001
0003 0035 00000316
0003 0036 0000000c
0000 0000 00000000
0003 0035 00000313
0003 0036 00000028
0003 0030 00000003
0000 0000 00000000
0003 0035 00000310
0003 0036 00000049
0003 0030 00000005
0000 0000 00000000
0003 0035 0000030e
0003 0036 00000070
0003 0030 00000003
0000 0000 00000000
0003 0035 0000030c
0003 0036 0000009c
0003 0030 00000004
0000 0000 00000000
0003 0035 0000030a
0003 0036 000000cb
0003 0030 00000005
0000 0000 00000000
0003 0036 000000ff
0003 0030 00000003
0000 0000 00000000
0003 0035 00000309
0003 0036 00000136
0000 0000 00000000
0003 0036 00000170
0003 0030 00000004
0000 0000 00000000
0003 0036 000001aa
0003 0030 00000005
0000 0000 00000000
0003 0035 00000308
0003 0036 000001e9
0000 0000 00000000
0003 0035 00000307
0003 0036 0000022a
0003 0030 00000004
0000 0000 00000000
0003 0035 00000306
0003 0036 0000026e
0000 0000 00000000
0003 0035 00000304
0003 0036 000002b0
0003 0030 00000003
0000 0000 00000000
0003 0035 00000301
0003 0036 000002f2
0003 0030 00000004
0000 0000 00000000
0003 0035 000002fd
0003 0036 00000333
0000 0000 00000000
0003 0035 000002f8
0003 0036 00000372
0003 0030 00000005
0000 0000 00000000
0003 0039 ffffffff
0001 014a 00000000
0001 0145 00000000
0000 0000 00000000
0003 0039 00002730
0001 014a 00000001
0001 0145 00000001
0003 0035 0000025a
0003 0036 00000688
0003 0031 00000004
0000 0000 00000000
0003 0031 00000003
0000 0000 00000000
0003 0039 ffffffff
0001 014a 00000000
0001 0145 00000000
0000 0000 00000000
0003 0039 00002731
0001 014a 00000001
0001 0145 00000001
0003 0035 0000042a
0003 0036 00000585
0003 0031 00000004
0000 0000 00000000
0003 0031 00000005
0000 0000 00000000
0003 0039 ffffffff
0001 014a 00000000
0001 0145 00000000
0000 0000 00000000
0003 0039 00002732
0001 014a 00000001
0001 0145 00000001
0003 0035 0000022c
0003 0036 00000447
0003 0031 00000004
0000 0000 00000000
0003 0030 00000006
0000 0000 00000000
0003 0039 ffffffff
0001 014a 00000000
0001 0145 00000000
0000 0000 00000000
0003 0039 00002733
0001 014a 00000001
0001 0145 00000001
0003 0035 0000018e
0003 0036 0000049b
0003 0030 00000005
0003 0031 00000005
0000 0000 00000000
0003 0031 00000004
0000 0000 00000000
0003 0030 00000004
0003 0031 00000003
0000 0000 00000000
0003 0039 ffffffff
0001 014a 00000000
0001 0145 00000000
0000 0000 00000000
0003 0039 00002734
0001 014a 00000001
0001 0145 00000001
0003 0035 0000016a
0003 0036 000006ba
0003 0030 00000005
0003 0031 00000004
0000 0000 00000000
0003 0031 00000005
0000 0000 00000000
0003 0030 00000006
0000 0000 00000000
0003 0035 00000175
0003 0036 000006b7
0003 0030 00000005
0000 0000 00000000
0003 0035 00000187
0003 0036 000006b3
0000 0000 00000000
0003 0035 0000019f
0003 0036 000006af
0003 0030 00000006
0003 0031 00000004
0000 0000 00000000
0003 0035 000001b7
0003 0036 000006aa
0003 0030 00000005
0000 0000 00000000
0003 0035 000001d0
0003 0036 000006a5
0003 0031 00000003
0000 0000 00000000
0003 0035 000001e8
0003 0036 000006a1
0003 0030 00000006
0000 0000 00000000
0003 0035 000001fe
0003 0036 0000069e
0000 0000 00000000
0003 0035 00000213
0003 0036 0000069b
0003 0030 00000005
0000 0000 00000000
0003 0035 00000226
0003 0036 00000698
0000 0000 00000000
0003 0035 00000239
0003 0036 00000696
0003 0030 00000006
0000 0000 00000000
0003 0035 0000024c
0003 0036 00000695
0003 0030 00000005
0000 0000 00000000
0003 0035 0000025e
0003 0030 00000004
0000 0000 00000000
0003 0035 00000270
0003 0036 00000696
0003 0030 00000005
0000 0000 00000000
0003 0035 00000281
0003 0036 00000697
0003 0030 00000006
0000 0000 00000000
0003 0035 00000292
0003 0036 00000698
0003 0030 00000005
0000 0000 00000000
0003 0035 000002a3
0003 0036 00000699
0003 0030 00000004
0000 0000 00000000
0003 0035 000002b3
0003 0030 00000005
0000 0000 00000000
0003 0035 000002c4
0003 0030 00000006
0000 0000 00000000
0003 0035 000002d8
0000 0000 00000000
0003 0035 000002f0
0000 0000 00000000
0003 0039 ffffffff
0001 014a 00000000
0001 0145 00000000
0000 0000 00000000
0003 0039 00002735
0001 014a 00000001
0001 0145 00000001
0003 0035 0000026d
0003 0036 00000652
0003 0030 00000005
0000 0000 00000000
0003 0031 00000004
0000 0000 00000000
0003 0036 00000647
0003 0031 00000003
0000 0000 00000000
0003 0035 0000026e
0003 0036 00000634
0000 0000 00000000
0003 0035 00000270
0003 0036 00000619
0003 0031 00000004
0000 0000 00000000
0003 0035 00000272
0003 0036 000005fc
0003 0030 00000004
0003 0031 00000003
0000 0000 00000000
0003 0035 00000275
0003 0036 000005db
0003 0030 00000005
0003 0031 00000004
0000 0000 00000000
0003 0035 00000278
0003 0036 000005bb
0003 0030 00000004
0003 0031 00000003
0000 0000 00000000
0003 0035 0000027b
0003 0036 00000599
0003 0031 00000004
0000 0000 00000000
0003 0035 0000027e
0003 0036 00000576
0003 0031 00000003
0000 0000 00000000
0003 0035 00000282
0003 0036 00000555
0003 0031 00000004
0000 0000 00000000
0003 0035 00000286
0003 0036 00000535
0003 0030 00000005
0000 0000 00000000
0003 0035 0000028a
0003 0036 00000518
0003 0031 00000003
0000 0000 00000000
0003 0035 0000028e
0003 0036 000004fd
0003 0031 00000004
0000 0000 00000000
0003 0035 00000292
0003 0036 000004e2
0003 0030 00000006
0000 0000 00000000
0003 0035 00000298
0003 0036 000004c7
0003 0030 00000007
0000 0000 00000000
0003 0039 ffffffff
0001 014a 00000000
0001 0145 00000000
0000 0000 00000000
0003 0039 00002736
0001 014a 00000001
0001 0145 00000001
0003 0035 00000256
0003 0036 00000625
0003 0030 00000005
0003 0031 00000005
0000 0000 00000000
0003 0031 00000004
0000 0000 00000000
0003 0039 ffffffff
0001 014a 00000000
0001 0145 00000000
0000 0000 00000000
0003 0039 00002737
0001 014a 00000001
0001 0145 00000001
0003 0035 00000244
0003 0036 000004dd
0000 0000 00000000
0003 0031 00000005
0000 0000 00000000
0003 0030 00000006
0000 0000 00000000
0003 0039 ffffffff
0001 014a 00000000
0001 0145 00000000
0000 0000 00000000
0003 0039 00002738
0001 014a 00000001
0001 0145 00000001
0003 0035 00000110
0003 0036 000003f1
0003 0031 00000004
0000 0000 00000000
0003 0030 00000005
0000 0000 00000000
0003 0030 00000004
0003 0031 00000003
0000 0000 00000000
0003 0039 ffffffff
0001 014a 00000000
0001 0145 00000000
0000 0000 00000000
0003 0039 00002739
0001 014a 00000001
0001 0145 00000001
0003 0035 00000363
0003 0036 00000544
0003 0030 00000005
0000 0000 00000000
0003 0030 00000004
0000 0000 00000000
0003 0030 00000005
0000 0000 00000000
0003 0030 00000006
0003 0031 00000004
0000 0000 00000000
0003 0039 ffffffff
0001 014a 00000000
0001 0145 00000000
0000 0000 00000000
0003 0039 0000273a
0001 014a 00000001
0001 0145 00000001
0003 0035 000003fc
0003 0036 00000024
0000 0000 00000000
0003 0030 00000004
0000 0000 00000000
0003 0035 000003f8
0003 0036 00000039
0003 0031 00000003
0000 0000 00000000
0003 0035 000003f3
0003 0036 00000056
0003 0030 00000005
0003 0031 00000004
0000 0000 00000000
0003 0035 000003ec
0003 0036 0000007a
0003 0030 00000004
0003 0031 00000003
0000 0000 00000000
0003 0035 000003e3
0003 0036 000000a1
0003 0030 00000005
0003 0031 00000004
0000 0000 00000000
0003 0035 000003d6
0003 0036 000000c8
0003 0030 00000006
0003 0031 00000003
0000 0000 00000000
0003 0035 000003c7
0003 0036 000000f0
0003 0030 00000004
0003 0031 00000004
0000 0000 00000000
0003 0035 000003b5
0003 0036 00000116
0003 0030 00000006
0000 0000 00000000
0003 0039 ffffffff
0001 014a 00000000
0001 0145 00000000
0000 0000 00000000
0003 0039 0000273b
0001 014a 00000001
0001 0145 00000001
0003 0035 0000024e
0003 0036 000006c9
0003 0030 00000004
0003 0031 00000003
0000 0000 00000000
0003 0031 00000004
0000 0000 00000000
0003 0030 00000005
0000 0000 00000000
0003 0031 00000005
0000 0000 00000000
0003 0031 00000004
0000 0000 00000000
0003 0030 00000004
0003 0031 00000003
0000 0000 00000000
0003 0030 00000005
0003 0031 00000004
0000 0000 00000000
0003 0031 00000005
0000 0000 00000000
0003 0039 ffffffff
0001 014a 00000000
0001 0145 00000000
0000 0000 00000000
0003 0039 0000273c
0001 014a 00000001
0001 0145 00000001
0003 0035 00000115
0003 0036 0000046a
0003 0030 00000004
0003 0031 00000003
0000 0000 00000000
0003 0031 00000004
0000 0000 00000000
0003 0035 00000126
0003 0036 00000465
0003 0030 00000005
0003 0031 00000003
0000 0000 00000000
0003 0035 00000146
0003 0036 0000045f
0003 0030 00000006
0003 0031 00000005
0000 0000 00000000
0003 0035 00000170
0003 0036 00000459
0003 0030 00000005
0003 0031 00000003
0000 0000 00000000
0003 0035 000001a0
0003 0036 00000455
0003 0031 00000004
0000 0000 00000000
0003 0035 000001d6
0003 0036 00000453
0003 0030 00000006
0003 0031 00000005
0000 0000 00000000
0003 0035 0000020e
0003 0030 00000005
0000 0000 00000000
0003 0039 ffffffff
0001 014a 00000000
0001 0145 00000000
0000 0000 00000000
0003 0039 0000273d
0001 014a 00000001
0001 0145 00000001
0003 0035 000001ef
0003 0036 0000040a
0003 0031 00000003
0000 0000 00000000
0003 0039 ffffffff
0001 014a 00000000
0001 0145 00000000
0000 0000 00000000
0001 008b 00000001
0000 0000 00000000
0001 008b 00000000
0000 0000 00000000
0003 0039 0000273e
0001 014a 00000001
0001 0145 00000001
0003 0035 00000245
0003 0036 0000069a
0003 0030 00000003
0003 0031 00000002
0000 0000 00000000
0003 0031 00000003
0000 0000 00000000
0003 0030 00000004
0000 0000 00000000
0003 0039 ffffffff
0001 014a 00000000
0001 0145 00000000
0000 0000 00000000
0001 008b 00000001
0000 0000 00000000
0001 008b 00000000
0000 0000 00000000
0003 0039 0000273f
0001 014a 00000001
0001 0145 00000001
0003 0035 000002d1
0003 0036 0000011f
0000 0000 00000000
0003 0030 00000005
0000 0000 00000000
0003 0039 ffffffff
0001 014a 00000000
0001 0145 00000000
0000 0000 00000000
0003 0039 00002740
0001 014a 00000001
0001 0145 00000001
0003 0035 00000188
0003 0036 0000041a
0003 0031 00000004
0000 0000 00000000
0003 0031 00000005
0000 0000 00000000
0003 0039 ffffffff
0001 014a 00000000
0001 0145 00000000
0000 0000 00000000
0003 0039 00002741
0001 014a 00000001
0001 0145 00000001
0003 0035 000003a6
0003 0036 000001ca
0003 0030 00000003
0003 0031 00000002
0000 0000 00000000
0003 0031 00000003
0000 0000 00000000
0003 0030 00000004
0000 0000 00000000
0003 0039 ffffffff
0001 014a 00000000
0001 0145 00000000
0000 0000 00000000
0003 0039 00002742
0001 014a 00000001
0001 0145 00000001
0003 0035 00000154
0003 0036 0000054f
0003 0030 00000005
0003 0031 00000004
0000 0000 00000000
0003 0030 00000004
0000 0000 00000000
0003 0039 ffffffff
0001 014a 00000000
0001 0145 00000000
0000 0000 00000000
0003 0039 00002743
0001 014a 00000001
0001 0145 00000001
0003 0035 00000053
0003 0036 0000049f
0003 0031 00000003
0000 0000 00000000
0003 0039 ffffffff
0001 014a 00000000
0001 0145 00000000
0000 0000 00000000
0003 0039 00002744
0001 014a 00000001
0001 0145 00000001
0003 0035 000001a5
0003 0036 00000136
0003 0030 00000003
0003 0031 00000002
0000 0000 00000000
0003 0031 00000003
0000 0000 00000000
0003 0031 00000002
0000 0000 00000000
0003 0031 00000003
0000 0000 00000000
0003 0039 ffffffff
0001 014a 00000000
0001 0145 00000000
0000 0000 00000000
0003 0039 00002745
0001 014a 00000001
0001 0145 00000001
0003 0035 0000010d
0003 0036 00000545
0003 0030 00000005
0000 0000 00000000
0003 0030 00000004
0000 0000 00000000
0003 0030 00000005
0000 0000 00000000
0003 0030 00000004
0000 0000 00000000
0003 0039 ffffffff
0001 014a 00000000
0001 0145 00000000
0000 0000 00000000
0003 0039 00002746
0001 014a 00000001
0001 0145 00000001
0003 0035 0000015b
0003 0036 000002c5
0003 0030 00000005
0003 0031 00000004
0000 0000 00000000
0003 0030 00000004
0000 0000 00000000
0003 0031 00000003
0000 0000 00000000
0003 0031 00000004
0000 0000 00000000
0003 0031 00000003
0000 0000 00000000
0003 0031 00000004
0000 0000 00000000
0003 0039 ffffffff
0001 014a 00000000
0001 0145 00000000
0000 0000 00000000
0003 0039 00002747
0001 014a 00000001
0001 0145 00000001
0003 0035 00000303
0003 0036 000001cb
0003 0030 00000003
0003 0031 00000002
0000 0000 00000000
0003 0031 00000003
0000 0000 00000000
0003 0031 00000002
0000 0000 00000000
0003 0031 00000003
0000 0000 00000000
0003 0039 ffffffff
0001 014a 00000000
0001 0145 00000000
0000 0000 00000000
0003 0039 00002748
0001 014a 00000001
0001 0145 00000001
0003 0035 0000018d
0003 0036 0000051d
0003 0030 00000005
0003 0031 00000005
0000 0000 00000000
0003 0039 ffffffff
0001 014a 00000000
0001 0145 00000000
0000 0000 00000000
0003 0039 00002749
0001 014a 00000001
0001 0145 00000001
0003 0035 00000036
0003 0036 00000084
0003 0030 00000006
0000 0000 00000000
0003 0030 00000005
0000 0000 00000000
0003 0039 ffffffff
0001 014a 00000000
0001 0145 00000000
0000 0000 00000000
0003 0039 0000274a
0001 014a 00000001
0001 0145 00000001
0003 0035 00000236
0003 0036 00000078
0003 0030 00000003
0003 0031 00000003
0000 0000 00000000
0003 0030 00000005
0003 0031 00000004
0000 0000 00000000
0003 0035 00000245
0003 0030 00000004
0003 0031 00000003
0000 0000 00000000
0003 0035 00000260
0003 0036 00000079
0003 0030 00000006
0003 0031 00000004
0000 0000 00000000
0003 0035 00000282
0003 0036 0000007a
0003 0030 00000005
0003 0031 00000003
0000 0000 00000000
0003 0035 000002a9
0003 0036 0000007c
0003 0031 00000005
0000 0000 00000000
0003 0035 000002d2
0003 0036 0000007f
0003 0031 00000003
0000 0000 00000000
0003 0035 000002fe
0003 0036 00000083
0003 0031 00000005
0000 0000 00000000
0003 0035 00000330
0003 0036 00000087
0000 0000 00000000
0003 0035 00000373
0003 0036 0000008c
0003 0030 00000006
0000 0000 00000000
0003 0039 ffffffff
0001 014a 00000000
0001 0145 00000000
0000 0000 00000000
0003 0039 0000274b
0001 014a 00000001
0001 0145 00000001
0003 0035 0000006d
0003 0036 00000080
0003 0030 00000005
0000 0000 00000000
0003 0030 00000006
0000 0000 00000000
0003 0030 00000005
0000 0000 00000000
0003 0030 00000006
0003 0031 00000004
0000 0000 00000000
0003 0039 ffffffff
0001 014a 00000000
0001 0145 00000000
0000 0000 00000000
0003 0039 0000274c
0001 014a 00000001
0001 0145 00000001
0003 0035 0000005c
0003 0036 00000066
0000 0000 00000000
0003 0031 00000005
0000 0000 00000000
0003 0035 0000005b
0003 0036 00000068
0003 0030 00000005
0003 0031 00000003
0000 0000 00000000
0003 0039 ffffffff
0001 014a 00000000
0001 0145 00000000
0000 0000 00000000
0003 0039 0000274d
0001 014a 00000001
0001 0145 00000001
0003 0035 0000025f
0003 0036 00000683
0003 0031 00000004
0000 0000 00000000
0003 0030 00000006
0003 0031 00000005
0000 0000 00000000
0003 0030 00000005
0000 0000 00000000
0003 0030 00000004
0003 0031 00000004
0000 0000 00000000
0003 0035 00000265
0003 0036 00000678
0000 0000 00000000
0003 0035 00000269
0003 0036 00000671
0000 0000 00000000
0003 0035 0000026c
0003 0036 0000066b
0003 0030 00000003
0003 0031 00000003
0000 0000 00000000
0003 0035 0000026f
0003 0036 00000666
0000 0000 00000000
0003 0035 00000272
0003 0036 00000662
0000 0000 00000000
0003 0035 00000274
0003 0036 0000065e
0000 0000 00000000
0003 0035 00000276
0003 0036 0000065a
0000 0000 00000000
0003 0035 00000278
0003 0036 00000657
0000 0000 00000000
0003 0035 0000027a
0003 0036 00000654
0003 0030 00000004
0000 0000 00000000
0003 0035 0000027c
0003 0036 00000651
0003 0031 00000004
0000 0000 00000000
0003 0035 0000027e
0003 0036 0000064e
0000 0000 00000000
0003 0035 0000027f
0003 0036 0000064b
0000 0000 00000000
0003 0035 00000280
0003 0036 00000648
0000 0000 00000000
0003 0035 00000281
0003 0036 00000645
0003 0030 00000005
0000 0000 00000000
0003 0035 00000282
0003 0036 00000643
0000 0000 00000000
0003 0035 00000283
0003 0036 00000641
0000 0000 00000000
0003 0035 00000284
0003 0036 0000063f
0000 0000 00000000
0003 0036 0000063d
0000 0000 00000000
0003 0035 00000285
0003 0036 0000063c
0000 0000 00000000
0003 0036 0000063b
0000 0000 00000000
0003 0036 0000063a
0000 0000 00000000
0003 0036 00000639
0000 0000 00000000
0003 0036 00000638
0000 0000 00000000
0003 0036 00000637
0000 0000 00000000
0003 0036 00000636
0000 0000 00000000
0003 0036 00000635
0000 0000 00000000
0003 0036 00000634
0000 0000 00000000
0003 0036 00000633
0000 0000 00000000
0003 0030 00000004
0003 0031 00000003
0000 0000 00000000
0003 0030 00000005
0003 0031 00000004
0000 0000 00000000
0003 0039 ffffffff
0001 014a 00000000
0001 0145 00000000
0000 0000 00000000
0003 0039 0000274e
0001 014a 00000001
0001 0145 00000001
0003 0035 00000402
0003 0036 00000544
0000 0000 00000000
0003 0030 00000006
0000 0000 00000000
0003 0030 00000005
0000 0000 00000000
0003 0030 00000004
0000 0000 00000000
0003 0039 ffffffff
0001 014a 00000000
0001 0145 00000000
0000 0000 00000000
0003 0039 0000274f
0001 014a 00000001
0001 0145 00000001
0003 0035 00000056
0003 0036 00000077
0003 0031 00000003
0000 0000 00000000
0003 0030 00000005
0000 0000 00000000
0003 0031 00000004
0000 0000 00000000
0003 0030 00000003
0003 0031 00000003
0000 0000 00000000
0003 0039 ffffffff
0001 014a 00000000
0001 0145 00000000
0000 0000 00000000
0003 0039 00002750
0001 014a 00000001
0001 0145 00000001
0003 0035 00000183
0003 0036 00000425
0003 0030 00000004
0003 0031 00000002
0000 0000 00000000
0003 0030 00000005
0003 0031 00000003
0000 0000 00000000
0003 0031 00000002
0000 0000 00000000
0003 0030 00000004
0003 0031 00000003
0000 0000 00000000
0003 0031 00000002
0000 0000 00000000
0003 0039 ffffffff
0001 014a 00000000
0001 0145 00000000
0000 0000 00000000
0003 0039 00002751
0001 014a 00000001
0001 0145 00000001
0003 0035 00000397
0003 0036 000001d3
0003 0031 00000003
0000 0000 00000000
0003 0030 00000005
0000 0000 00000000
0003 0030 00000004
0000 0000 00000000
0003 0030 00000005
0000 0000 00000000
0003 0039 ffffffff
0001 014a 00000000
0001 0145 00000000
0000 0000 00000000
0003 0039 00002752
0001 014a 00000001
0001 0145 00000001
0003 0035 00000055
0003 0036 0000072b
0003 0030 00000003
0003 0031 00000002
0000 0000 00000000
0003 0031 00000003
0000 0000 00000000
0003 0031 00000002
0000 0000 00000000
0003 0031 00000003
0000 0000 00000000
0003 0039 ffffffff
0001 014a 00000000
0001 0145 00000000
0000 0000 00000000
0003 0039 00002753
0001 014a 00000001
0001 0145 00000001
0003 0035 00000145
0003 0036 00000547
0003 0030 00000005
0000 0000 00000000
0003 0039 ffffffff
0001 014a 00000000
0001 0145 00000000
0000 0000 00000000
0003 0039 00002754
0001 014a 00000001
0001 0145 00000001
0003 0035 0000014f
0003 0036 00000146
0000 0000 00000000
0003 0031 00000004
0000 0000 00000000
0003 0039 ffffffff
0001 014a 00000000
0001 0145 00000000
0000 0000 00000000
0003 0039 00002755
0001 014a 00000001
0001 0145 00000001
0003 0035 00000131
0003 0036 00000553
0003 0031 00000003
0000 0000 00000000
0003 0030 00000004
0000 0000 00000000
0003 0030 00000005
0000 0000 00000000
0003 0039 ffffffff
0001 014a 00000000
0001 0145 00000000
0000 0000 00000000
0003 0039 00002756
0001 014a 00000001
0001 0145 00000001
0003 0035 0000012f
0003 0036 0000029f
0003 0030 00000003
0000 0000 00000000
0003 0030 00000004
0000 0000 00000000
0003 0030 00000003
0000 0000 00000000
0003 0039 ffffffff
0001 014a 00000000
0001 0145 00000000
0000 0000 00000000
0003 0039 00002757
0001 014a 00000001
0001 0145 00000001
0003 0035 0000007c
0003 0036 00000073
0003 0030 00000006
0003 0031 00000004
0000 0000 00000000
0003 0031 00000005
0000 0000 00000000
0003 0039 ffffffff
0001 014a 00000000
0001 0145 00000000
0000 0000 00000000
0003 0039 00002758
0001 014a 00000001
0001 0145 00000001
0003 0035 000002bc
0003 0036 00000121
0003 0030 00000004
0003 0031 00000003
0000 0000 00000000
0003 0039 ffffffff
0001 014a 00000000
0001 0145 00000000
0000 0000 00000000
0003 0039 00002759
0001 014a 00000001
0001 0145 00000001
0003 0035 00000189
0003 0036 00000429
0000 0000 00000000
0003 0039 ffffffff
0001 014a 00000000
0001 0145 00000000
0000 0000 00000000
0003 0039 0000275a
0001 014a 00000001
0001 0145 00000001
0003 0035 00000028
0003 0036 00000099
0003 0031 00000004
0000 0000 00000000
0003 0030 00000005
0000 0000 00000000
0003 0030 00000004
0000 0000 00000000
0003 0039 ffffffff
0001 014a 00000000
0001 0145 00000000
0000 0000 00000000
0003 0039 0000275b
0001 014a 00000001
0001 0145 00000001
0003 0035 00000181
0003 0036 0000042c
0003 0031 00000003
0000 0000 00000000
0003 0039 ffffffff
0001 014a 00000000
0001 0145 00000000
0000 0000 00000000
0003 0039 0000275c
0001 014a 00000001
0001 0145 00000001
0003 0035 0000039c
0003 0036 000001e0
0003 0030 00000005
0003 0031 00000002
0000 0000 00000000
0003 0039 ffffffff
0001 014a 00000000
0001 0145 00000000
0000 0000 00000000
0003 0039 0000275d
0001 014a 00000001
0001 0145 00000001
0003 0035 00000055
0003 0036 00000721
0003 0030 00000003
0000 0000 00000000
0003 0030 00000002
0000 0000 00000000
0003 0030 00000003
0000 0000 00000000
0003 0030 00000002
0000 0000 00000000
0003 0030 00000003
0000 0000 00000000
0003 0031 00000003
0000 0000 00000000
0003 0031 00000002
0000 0000 00000000
0003 0039 ffffffff
0001 014a 00000000
0001 0145 00000000
0000 0000 00000000
0003 0039 0000275e
0001 014a 00000001
0001 0145 00000001
0003 0035 0000013e
0003 0036 00000539
0003 0030 00000004
0003 0031 00000003
0000 0000 00000000
0003 0030 00000003
0000 0000 00000000
0003 0030 00000004
0000 0000 00000000
0003 0039 ffffffff
0001 014a 00000000
0001 0145 00000000
0000 0000 00000000
0003 0039 0000275f
0001 014a 00000001
0001 0145 00000001
0003 0035 00000176
0003 0036 0000013b
0003 0030 00000003
0003 0031 00000002
0000 0000 00000000
0003 0031 00000003
0000 0000 00000000
0003 0039 ffffffff
0001 014a 00000000
0001 0145 00000000
0000 0000 00000000
0003 0039 00002760
0001 014a 00000001
0001 0145 00000001
0003 0035 00000132
0003 0036 0000053f
0000 0000 00000000
0003 0031 00000002
0000 0000 00000000
0003 0031 00000003
0000 0000 00000000
0003 0030 00000004
0000 0000 00000000
0003 0039 ffffffff
0001 014a 00000000
0001 0145 00000000
0000 0000 00000000
0003 0039 00002761
0001 014a 00000001
0001 0145 00000001
0003 0035 00000135
0003 0036 00000294
0003 0030 00000003
0003 0031 00000002
0000 0000 00000000
0003 0031 00000003
0000 0000 00000000
0003 0030 00000004
0000 0000 00000000
0003 0030 00000003
0000 0000 00000000
0003 0030 00000004
0000 0000 00000000
0003 0030 00000003
0000 0000 00000000
0003 0030 00000005
0003 0031 00000004
0000 0000 00000000
0003 0039 ffffffff
0001 014a 00000000
0001 0145 00000000
0000 0000 00000000
0003 0039 00002762
0001 014a 00000001
0001 0145 00000001
0003 0035 000002db
0003 0036 00000514
0003 0031 00000002
0000 0000 00000000
0003 0031 00000003
0000 0000 00000000
0003 0039 ffffffff
0001 014a 00000000
0001 0145 00000000
0000 0000 00000000
0003 0039 00002763
0001 014a 00000001
0001 0145 00000001
0003 0035 0000017c
0003 0031 00000002
0000 0000 00000000
0003 0031 00000003
0000 0000 00000000
0003 0031 00000002
0000 0000 00000000
0003 0031 00000003
0000 0000 00000000
0003 0031 00000002
0000 0000 00000000
0003 0031 00000003
0000 0000 00000000
0003 0039 ffffffff
0001 014a 00000000
0001 0145 00000000
0000 0000 00000000
0003 0039 00002764
0001 014a 00000001
0001 0145 00000001
0003 0035 000001b1
0003 0036 00000426
0003 0030 00000003
0000 0000 00000000
0003 0039 ffffffff
0001 014a 00000000
0001 0145 00000000
0000 0000 00000000
0003 0039 00002765
0001 014a 00000001
0001 0145 00000001
0003 0035 0000035f
0003 0036 000001ff
0000 0000 00000000
0003 0030 00000004
0003 0031 00000004
0000 0000 00000000
0003 0039 ffffffff
0001 014a 00000000
0001 0145 00000000
0000 0000 00000000
0003 0039 00002766
0001 014a 00000001
0001 0145 00000001
0003 0035 0000039e
0003 0036 000001dc
0003 0030 00000006
0003 0031 00000003
0000 0000 00000000
0003 0030 00000005
0000 0000 00000000
0003 0030 00000007
0003 0031 00000005
0000 0000 00000000
0003 0039 ffffffff
0001 014a 00000000
0001 0145 00000000
0000 0000 00000000
0003 0039 00002767
0001 014a 00000001
0001 0145 00000001
0003 0035 00000046
0003 0036 0000008d
0003 0030 00000006
0000 0000 00000000
0003 0031 00000004
0000 0000 00000000
0003 0039 ffffffff
0001 014a 00000000
0001 0145 00000000
0000 0000 00000000
0003 0039 00002768
0001 014a 00000001
0001 0145 00000001
0003 0035 0000042b
0003 0036 000003e6
0003 0030 00000004
0003 0031 00000003
0000 0000 00000000
0003 002f 00000001
0003 0039 00002769
0003 0035 0000018f
0003 0036 00000432
0003 0030 00000005
0003 0031 00000003
0000 0000 00000000
0003 002f 00000000
0003 0031 00000004
0000 0000 00000000
0003 0039 ffffffff
0000 0000 00000000
0003 002f 00000001
0003 0039 ffffffff
0001 014a 00000000
0001 0145 00000000
0000 0000 00000000
0003 002f 00000000
0003 0039 0000276a
0001 014a 00000001
0001 0145 00000001
0003 0035 000001a3
0003 0036 00000420
0000 0000 00000000
0003 0030 00000005
0000 0000 00000000
0003 0030 00000004
0003 0031 00000003
0000 0000 00000000
0003 0030 00000005
0003 0031 00000005
0000 0000 00000000
0003 0039 ffffffff
0001 014a 00000000
0001 0145 00000000
0000 0000 00000000
0003 0039 0000276b
0001 014a 00000001
0001 0145 00000001
0003 0035 000003a3
0003 0036 000001e3
0003 0030 00000006
0003 0031 00000003
0000 0000 00000000
0003 0030 00000005
0000 0000 00000000
0003 0039 ffffffff
0001 014a 00000000
0001 0145 00000000
0000 0000 00000000
0003 0039 0000276c
0001 014a 00000001
0001 0145 00000001
0003 0035 0000005a
0003 0036 00000760
0000 0000 00000000
0003 0031 00000002
0000 0000 00000000
0003 0031 00000003
0000 0000 00000000
0003 0031 00000002
0000 0000 00000000
0003 0039 ffffffff
0001 014a 00000000
0001 0145 00000000
0000 0000 00000000
0003 0039 0000276d
0001 014a 00000001
0001 0145 00000001
0003 0035 0000015e
0003 0036 00000558
0003 0031 00000003
0000 0000 00000000
0003 0031 00000004
0000 0000 00000000
0003 0030 00000004
0000 0000 00000000
0003 0031 00000003
0000 0000 00000000
0003 0030 00000005
0003 0031 00000005
0000 0000 00000000
0003 0039 ffffffff
0001 014a 00000000
0001 0145 00000000
0000 0000 00000000
0003 0039 0000276e
0001 014a 00000001
0001 0145 00000001
0003 0035 0000016d
0003 0036 0000015d
0003 0031 00000003
0000 0000 00000000
0003 0039 ffffffff
0001 014a 00000000
0001 0145 00000000
0000 0000 00000000
0003 0039 0000276f
0001 014a 00000001
0001 0145 00000001
0003 0035 00000123
0003 0036 00000590
0003 0030 00000003
0000 0000 00000000
0003 0030 00000005
0000 0000 00000000
0003 0039 ffffffff
0001 014a 00000000
0001 0145 00000000
0000 0000 00000000
0003 0039 00002770
0001 014a 00000001
0001 0145 00000001
0003 0035 000000f8
0003 0036 000002d4
0003 0031 00000004
0000 0000 00000000
0003 0030 00000006
0003 0031 00000006
0000 0000 00000000
0003 0039 ffffffff
0001 014a 00000000
0001 0145 00000000
0000 0000 00000000
0003 0039 00002771
0001 014a 00000001
0001 0145 00000001
0003 0035 0000003c
0003 0036 00000082
0003 0031 00000005
0000 0000 00000000
0003 0031 00000006
0000 0000 00000000
0003 0031 00000005
0000 0000 00000000
0003 0039 ffffffff
0001 014a 00000000
0001 0145 00000000
0000 0000 00000000
0003 0039 00002772
0001 014a 00000001
0001 0145 00000001
0003 0035 000002be
0003 0036 0000011e
0003 0030 00000005
0003 0031 00000004
0000 0000 00000000
0003 0039 ffffffff
0001 014a 00000000
0001 0145 00000000
0000 0000 00000000
0003 0039 00002773
0001 014a 00000001
0001 0145 00000001
0003 0035 00000420
0003 0036 000004f0
0003 0030 00000004
0003 0031 00000003
0000 0000 00000000
0003 0031 00000004
0000 0000 00000000
0003 0030 00000005
0000 0000 00000000
0003 0039 ffffffff
0001 014a 00000000
0001 0145 00000000
0000 0000 00000000
0003 0039 00002774
0001 014a 00000001
0001 0145 00000001
0003 0035 0000018f
0003 0036 00000537
0003 0031 00000003
0000 0000 00000000
0003 0039 ffffffff
0001 014a 00000000
0001 0145 00000000
0000 0000 00000000
0003 0039 00002775
0001 014a 00000001
0001 0145 00000001
0003 0035 00000194
0003 0036 0000041b
0000 0000 00000000
0003 0039 ffffffff
0001 014a 00000000
0001 0145 00000000
0000 0000 00000000
0003 0039 00002776
0001 014a 00000001
0001 0145 00000001
0003 0035 0000038a
0003 0036 000001e7
0003 0031 00000004
0000 0000 00000000
0003 0030 00000006
0003 0031 00000005
0000 0000 00000000
0003 0039 ffffffff
0001 014a 00000000
0001 0145 00000000
0000 0000 00000000
0003 0039 00002777
0001 014a 00000001
0001 0145 00000001
0003 0035 0000004b
0003 0036 00000737
0003 0031 00000003
0000 0000 00000000
0003 0030 00000004
0000 0000 00000000
0003 0031 00000004
0000 0000 00000000
0003 0031 00000003
0000 0000 00000000
0003 0039 ffffffff
0001 014a 00000000
0001 0145 00000000
0000 0000 00000000
0003 0039 00002778
0001 014a 00000001
0001 0145 00000001
0003 0035 00000158
0003 0036 0000052a
0003 0031 00000004
0000 0000 00000000
0003 0030 00000005
0000 0000 00000000
0003 0030 00000004
0000 0000 00000000
0003 0030 00000005
0000 0000 00000000
0003 0039 ffffffff
0001 014a 00000000
0001 0145 00000000
0000 0000 00000000
0003 0039 00002779
0001 014a 00000001
0001 0145 00000001
0003 0035 00000178
0003 0036 00000140
0003 0030 00000003
0003 0031 00000003
0000 0000 00000000
0003 0030 00000004
0000 0000 00000000
0003 0030 00000003
0000 0000 00000000
0003 0030 00000004
0000 0000 00000000
0003 0039 ffffffff
0001 014a 00000000
0001 0145 00000000
0000 0000 00000000
0003 0039 0000277a
0001 014a 00000001
0001 0145 00000001
0003 0035 0000013c
0003 0036 0000055a
0003 0030 00000005
0000 0000 00000000
0003 0031 00000004
0000 0000 00000000
0003 0031 00000003
0000 0000 00000000
0003 0031 00000004
0000 0000 00000000
0003 0031 00000003
0000 0000 00000000
0003 0039 ffffffff
0001 014a 00000000
0001 0145 00000000
0000 0000 00000000
0003 0039 0000277b
0001 014a 00000001
0001 0145 00000001
0003 0035 00000114
0003 0036 00000295
0003 0030 00000004
0000 0000 00000000
0003 0030 00000005
0000 0000 00000000
0003 0030 00000004
0000 0000 00000000
0003 0030 00000005
0000 0000 00000000
0003 0030 00000004
0000 0000 00000000
0003 0030 00000005
0003 0031 00000004
0000 0000 00000000
0003 0039 ffffffff
0001 014a 00000000
0001 0145 00000000
0000 0000 00000000
0003 0039 0000277c
0001 014a 00000001
0001 0145 00000001
0003 0035 000002dc
0003 0036 0000052b
0003 0030 00000003
0003 0031 00000003
0000 0000 00000000
0003 0030 00000004
0000 0000 00000000
0003 0039 ffffffff
0001 014a 00000000
0001 0145 00000000
0000 0000 00000000
0003 0039 0000277d
0001 014a 00000001
0001 0145 00000001
0003 0035 0000017b
0003 0036 0000051d
0003 0030 00000005
0003 0031 00000002
0000 0000 00000000
0003 0031 00000003
0000 0000 00000000
0003 0039 ffffffff
0001 014a 00000000
0001 0145 00000000
0000 0000 00000000
0003 0039 0000277e
0001 014a 00000001
0001 0145 00000001
0003 0035 00000332
0003 0036 00000481
0003 0031 00000004
0000 0000 00000000
0003 0030 00000006
0000 0000 00000000
0003 0030 00000005
0000 0000 00000000
0003 0030 00000006
0003 0031 00000006
0000 0000 00000000
0003 0039 ffffffff
0001 014a 00000000
0001 0145 00000000
0000 0000 00000000
0003 0039 0000277f
0001 014a 00000001
0001 0145 00000001
0003 0035 0000005f
0003 0036 00000092
0003 0030 00000005
0003 0031 00000004
0000 0000 00000000
0003 0030 00000006
0000 0000 00000000
0003 0030 00000005
0000 0000 00000000
0003 0030 00000006
0000 0000 00000000
0003 0039 ffffffff
0001 014a 00000000
0001 0145 00000000
0000 0000 00000000
0003 0039 00002780
0001 014a 00000001
0001 0145 00000001
0003 0035 0000033a
0003 0036 00000462
0003 0030 00000005
0000 0000 00000000
0003 0031 00000003
0000 0000 00000000
0003 0039 ffffffff
0001 014a 00000000
0001 0145 00000000
0000 0000 00000000
0003 0039 00002781
0001 014a 00000001
0001 0145 00000001
0003 0035 00000035
0003 0036 000000ab
0003 0031 00000004
0000 0000 00000000
0003 0039 ffffffff
0001 014a 00000000
0001 0145 00000000
0000 0000 00000000
0003 0039 00002782
0001 014a 00000001
0001 0145 00000001
0003 0035 00000183
0003 0036 000003e9
0003 0030 00000004
0000 0000 00000000
0003 0039 ffffffff
0001 014a 00000000
0001 0145 00000000
0000 0000 00000000
0003 0039 00002783
0001 014a 00000001
0001 0145 00000001
0003 0035 0000017b
0003 0036 00000425
0003 0031 00000003
0000 0000 00000000
0003 0039 ffffffff
0001 014a 00000000
0001 0145 00000000
0000 0000 00000000
0003 0039 00002784
0001 014a 00000001
0001 0145 00000001
0003 0035 00000387
0003 0036 00000205
0000 0000 00000000
0003 0039 ffffffff
0001 014a 00000000
0001 0145 00000000
0000 0000 00000000
0003 0039 00002785
0001 014a 00000001
0001 0145 00000001
0003 0035 0000039f
0003 0036 000001f3
0003 0030 00000003
0000 0000 00000000
0003 0039 ffffffff
0001 014a 00000000
0001 0145 00000000
0000 0000 00000000
0003 0039 00002786
0001 014a 00000001
0001 0145 00000001
0003 0035 0000006a
0003 0036 00000075
0003 0030 00000006
0003 0031 00000005
0000 0000 00000000
0003 0030 00000005
0000 0000 00000000
0003 0039 ffffffff
0001 014a 00000000
0001 0145 00000000
0000 0000 00000000
0003 0039 00002787
0001 014a 00000001
0001 0145 00000001
0003 0035 0000032e
0003 0036 0000043c
0000 0000 00000000
0003 0030 00000006
0003 0031 00000006
0000 0000 00000000
0003 0039 ffffffff
0001 014a 00000000
0001 0145 00000000
0000 0000 00000000
0003 0039 00002788
0001 014a 00000001
0001 0145 00000001
0003 0035 0000001f
0003 0036 0000009e
0003 0031 00000004
0000 0000 00000000
0003 0031 00000005
0000 0000 00000000
0003 0031 00000006
0000 0000 00000000
0003 0031 00000005
0000 0000 00000000
0003 0039 ffffffff
0001 014a 00000000
0001 0145 00000000
0000 0000 00000000
0003 0039 00002789
0001 014a 00000001
0001 0145 00000001
0003 0035 00000194
0003 0036 00000439
0003 0030 00000005
0003 0031 00000003
0000 0000 00000000
0003 0031 00000004
0000 0000 00000000
0003 0031 00000003
0000 0000 00000000
0003 0039 ffffffff
0001 014a 00000000
0001 0145 00000000
0000 0000 00000000
0003 0039 0000278a
0001 014a 00000001
0001 0145 00000001
0003 0035 0000038e
0003 0036 000001df
0003 0030 00000006
0003 0031 00000004
0000 0000 00000000
0003 0030 00000005
0003 0031 00000003
0000 0000 00000000
0003 0039 ffffffff
0001 014a 00000000
0001 0145 00000000
0000 0000 00000000
0003 0039 0000278b
0001 014a 00000001
0001 0145 00000001
0003 0035 00000057
0003 0036 000000b6
0003 0030 00000006
0003 0031 00000004
0000 0000 00000000
0003 0030 00000005
0000 0000 00000000
0003 0039 ffffffff
0001 014a 00000000
0001 0145 00000000
0000 0000 00000000
0003 0039 0000278c
0001 014a 00000001
0001 0145 00000001
0003 0035 0000034b
0003 0036 0000043b
0000 0000 00000000
0003 0030 00000006
0000 0000 00000000
0003 0030 00000005
0003 0031 00000003
0000 0000 00000000
0003 0031 00000004
0000 0000 00000000
0003 0039 ffffffff
0001 014a 00000000
0001 0145 00000000
0000 0000 00000000
0003 0039 0000278d
0001 014a 00000001
0001 0145 00000001
0003 0035 00000078
0003 0036 000000d6
0003 0030 00000006
0003 0031 00000006
0000 0000 00000000
0003 0039 ffffffff
0001 014a 00000000
0001 0145 00000000
0000 0000 00000000
0003 0039 0000278e
0001 014a 00000001
0001 0145 00000001
0003 0035 0000003a
0003 0036 000000b8
0003 0030 00000008
0000 0000 00000000
0003 0030 00000007
0000 0000 00000000
0003 0039 ffffffff
0001 014a 00000000
0001 0145 00000000
0000 0000 00000000
0003 0039 0000278f
0001 014a 00000001
0001 0145 00000001
0003 0035 0000030b
0003 0036 0000048d
0003 0030 00000006
0003 0031 00000004
0000 0000 00000000
0003 0031 00000003
0000 0000 00000000
0003 0031 00000005
0000 0000 00000000
0003 0039 ffffffff
0001 014a 00000000
0001 0145 00000000
0000 0000 00000000
0003 0039 00002790
0001 014a 00000001
0001 0145 00000001
0003 0035 00000030
0003 0036 00000081
0003 0030 00000005
0000 0000 00000000
0003 0039 ffffffff
0001 014a 00000000
0001 0145 00000000
0000 0000 00000000
